0
0
0
15624
0
0
0
0
0
15621
0
0
0
0
0
0
0
0
0
0
0
0
0
0
0
15571
0
0
0
0
0
0
0
0
0
0
0
0
15600
0
0
0
0
0
0
0
0
0
0
0
0
15612
0
0
0
0
15623
0
0
0
0
0
15623
0
0
0
0
0
15694
0
0
0
0
0
0
0
0
0
0
0
0
0
0
0
0
0
15629
0
0
0
0
0
0
0
0
0
0
0
0
0
0
0
0
0
0
0
0
0
0
0
0
0
0
0
0
0
0
0
0
0
0
0
0
0
0
0
0
0
0
0
0
0
0
0
0
0
0
0
15554
0
0
0
0
0
15622
0
0
0
0
0
15626
0
0
0
0
0
0
0
0
0
0
0
0
0
0
0
0
0
0
0
15623
0
0
0
0
0
0
0
0
0
0
0
0
0
0
0
15624
0
0
0
0
0
0
0
0
12982
0
0
8002
0
0
8010
0
0
0
0
0
0
0
0
0
0
8000
0
0
8000
0
0
0
0
0
0
0
0
0
0
0
0
0
0
0
0
0
0
15625
0
0
0
0
0
0
0
0
0
0
0
0
0
0
0
0
0
0
15600
0
0
0
0
15623
0
0
0
0
0
0
0
0
0
0
0
0
0
0
0
15623
0
0
0
0
0
0
0
0
0
0
0
0
0
0
0
15623
0
0
0
0
0
0
0
0
0
0
0
0
0
0
0
15622
0
0
15623
0
0
0
15622
0
0
0
0
0
15620
0
0
0
0
15624
0
0
0
0
15626
0
0
0
0
15621
0
0
0
0
15633
0
0
0
0
0
0
0
0
0
0
0
0
0
0
0
0
0
15622
0
0
0
0
15670
0
0
0
0
0
0
0
0
0
0
0
0
0
0
0
0
0
0
0
0
0
0
0
0
0
0
0
0
0
0
0
0
0
0
0
15627
0
0
0
0
0
0
0
0
0
0
0
0
15622
0
0
0
15621
0
0
0
0
0
0
15622
0
0
0
0
0
0
15623
0
0
0
15659
0
0
0
0
15585
0
0
15639
0
0
0
0
0
0
0
0
0
0
0
0
0
0
15607
0
0
15633
15612
0
15642
0
0
0
0
0
15610
0
0
0
14218
0
0
0
0
0
0
7999
0
8000
0
0
0
0
0
0
8000
0
8000
0
0
0
0
0
0
0
0
0
0
15625
0
0
0
0
0
0
0
0
0
0
0
0
15624
0
0
0
15624
0
0
0
0
0
0
0
0
0
0
0
15623
0
0
0
15625
0
0
0
0
0
0
0
0
15600
0
0
0
15622
0
0
0
0
0
0
0
0
0
0
0
0
0
0
0
0
0
0
0
0
0
0
0
0
0
0
0
0
0
0
0
0
0
0
15622
0
0
0
15622
0
0
0
0
0
0
0
0
15559
0
0
0
0
0
0
0
0
0
0
0
0
0
0
15622
0
0
0
15624
0
0
0
15625
0
0
0
0
0
0
0
0
0
0
0
0
15685
0
0
0
15610
0
0
0
15627
0
0
0
15602
0
0
0
15646
0
0
15565
0
0
0
15624
0
0
0
15680
0
0
0
0
0
0
15645
0
0
15557
0
0
0
0
0
0
0
0
0
0
15623
0
0
0
15623
0
0
15688
0
0
15558
0
0
15731
0
0
0
0
0
0
0
0
15624
0
0
0
15623
15625
0
0
0
0
0
0
0
15626
0
0
0
15623
0
0
0
0
0
0
0
0
0
0
0
0
0
0
0
0
0
2308
0
0
0
15677
0
0
0
0
0
0
0
0
0
0
0
0
0
0
0
0
0
0
15624
0
0
0
15625
0
0
0
15621
0
0
0
0
0
0
15657
0
0
0
0
0
0
0
0
0
0
15623
0
0
0
0
0
0
0
0
0
0
0
0
0
0
0
0
0
0
0
0
0
0
0
15713
0
8000
0
0
0
0
0
0
0
0
0
0
0
0
0
0
0
0
0
0
0
0
15573
0
0
0
15623
0
0
15623
0
0
0
15622
0
0
0
0
0
0
15624
0
0
0
15622
0
0
0
15674
0
0
15620
0
0
15618
0
0
0
0
0
0
0
0
0
0
15625
0
0
0
0
0
0
0
0
0
15665
0
0
0
0
0
15569
0
0
15676
0
0
0
0
0
15579
0
0
0
15626
0
0
0
0
0
0
15633
0
0
0
0
0
0
0
0
0
0
15618
0
0
0
0
0
15615
0
0
0
0
0
0
15625
0
0
0
15623
0
0
0
0
0
0
15623
4521
0
8053
0
0
0
0
7992
0
7999
0
7951
0
8050
0
7997
0
0
0
0
0
0
0
0
15625
0
0
0
0
0
0
15615
0
0
0
0
0
0
0
0
0
0
15599
0
0
0
0
0
0
0
0
0
0
0
0
0
0
0
0
0
0
0
0
15620
0
0
0
0
0
0
15605
0
0
0
0
0
0
15621
0
0
15068
0
0
0
0
8154
0
0
0
0
0
0
15574
0
0
0
0
0
0
0
0
0
0
0
0
15608
0
0
15646
0
0
0
0
0
0
15615
0
0
0
0
0
0
15632
0
0
0
0
0
0
15633
0
0
15613
0
0
0
0
0
0
15580
0
0
15623
0
0
0
0
0
0
15623
0
0
0
0
0
0
15624
0
0
0
0
0
0
15683
0
0
0
0
0
0
0
0
0
15630
0
0
0
0
0
0
15561
0
0
0
0
0
0
15621
0
0
15625
0
0
0
0
0
0
0
0
0
0
0
0
15642
0
0
0
0
0
0
0
0
0
0
0
0
15623
0
0
15635
0
0
0
0
0
0
0
0
0
7950
0
0
0
0
8044
0
0
0
0
15673
0
0
15620
0
0
0
0
0
0
0
0
0
0
0
0
15629
0
0
15618
0
0
0
0
0
0
0
0
0
15629
0
0
15567
0
0
0
0
0
0
0
0
0
0
0
0
15623
0
0
15661
0
0
15638
0
0
15620
0
0
0
0
0
0
0
0
0
0
0
0
0
0
0
0
0
0
15615
0
0
15571
0
0
0
0
0
0
0
0
15586
0
0
0
0
0
0
0
0
0
0
0
0
0
0
0
0
15689
0
0
15626
0
0
15614
0
0
15625
0
0
15626
0
0
15560
0
0
0
0
0
0
0
0
0
0
0
0
0
0
0
0
0
0
0
0
0
0
0
0
0
0
15628
0
0
15636
0
0
15559
0
0
15624
0
0
15621
0
0
0
0
0
0
0
0
0
0
0
0
0
0
0
0
0
0
0
15563
15637
0
7987
0
0
16001
0
0
0
15623
0
0
0
0
0
0
0
0
15604
0
0
15576
0
0
0
0
0
0
0
0
0
0
0
0
0
0
0
0
0
0
0
15623
0
0
15623
0
0
15622
0
0
15623
0
0
0
0
0
0
0
15623
0
0
15624
0
0
15622
0
0
0
0
0
0
0
15630
0
0
0
0
0
0
0
15633
0
0
15614
0
0
15623
0
0
0
0
0
0
0
0
3985
0
0
0
0
15624
0
0
0
0
0
0
0
0
0
0
15675
0
0
15637
0
0
0
0
0
0
0
0
0
15575
0
0
0
0
0
0
15685
0
0
15538
0
15668
